173
97
196
648
546
223
890
75
483
634
409
750
182
746
154
385
329
349
555
462
309
426
798
981
46
855
969
172
143
568
77
281
722
173
248
421
573
814
838
359
240
165
476
922
243
665
805
124
821
818
37
604
958
774
307
630
734
375
899
559
839
358
81
112
669
600
914
241
959
291
884
43
965
718
446
721
72
371
114
892
585
713
967
626
985
602
388
379
416
645
366
911
66
897
306
431
499
992
622
318
179
115
441
300
101
191
931
568
57
124
551
326
449
430
902
268
953
130
5
229
248
471
102
233
91
598
476
185
472
575
231
850
439
273
848
686
509
422
95
465
626
217
232
822
267
205
876
7
474
331
315
283
97
47
582
183
557
720
43
252
791
274
499
8
166
978
229
996
40
813
37
617
376
933
791
240
905
801
221
173
448
168
777
215
919
970
788
567
390
867
508
450
580
821
124
508
412
153
245
411
173
97
196
648
546
223
890
75
483
634
409
750
182
746
154
385
329
349
555
462
309
426
798
981
46
855
969
172
143
568
77
281
722
173
248
421
573
814
838
359
240
165
476
922
243
665
805
124
821
818
37
604
958
774
307
630
734
375
899
559
839
358
81
112
669
600
914
241
959
291
884
43
965
718
446
721
72
371
114
892
585
713
967
626
985
602
388
379
416
645
366
911
66
897
306
431
499
992
622
318
179
115
441
300
101
191
931
568
57
124
551
326
449
430
902
268
953
130
5
229
248
471
102
233
91
598
476
185
472
575
231
850
439
273
848
686
509
422
95
465
626
217
232
822
267
205
876
7
474
331
315
283
97
47
582
183
557
720
43
252
791
274
499
8
166
978
229
996
40
813
37
617
376
933
791
240
905
801
221
173
448
168
777
215
919
970
788
567
390
867
508
450
580
821
124
508
412
153
245
411
